25
24
27
27
22
22
22
28
22
26
22
27
35
21
30
28
29
26
22
25
28
28
21
26
25
23
26
27
27
22
22
30
22
21
23
32
35
22
32
21
32
25
29
23
26
22
29
29
21
25
21
32
30
21
23
31
22
32
21
25
21
30
23
22
26
24
21
27
23
21
27
25
29
23
31
31
28
24
33
35
26
28
21
28
23
28
29
25
24
24
32
27
21
21
26
23
21
27
27
24
27
28
25
26
23
21
32
31
36
25
26
23
29
27
21
36
25
27
25
27
24
35
32
22
25
23
27
22
25
27
31
23
21
31
21
21
26
23
26
23
34
27
25
29
24
25
24
31
32
21
23
22
30
27
28
32
21
26
28
29
33
22
29
31
33
26
28
27
29
21
32
21
28
22
32
22
27
34
30
24
24
26
23
31
32
31
28
31
27
24
25
21
40
21
25
21
27
21
23
25